0.0087074829932
0.291700680272
0.574693877551
0.856235827664
1.14068027211
1.42367346939
1.70746485261
1.99045804989
2.272
2.53757823129
2.81766893424
3.09775963719
3.36478911565
3.67680725624
3.95980045351
4.23698866213
4.53159183673
4.83490249433
5.11063945578
5.3878276644
5.66356462585
5.93785034014
6.22519727891
6.50819047619
6.77376870748
7.03789569161
7.33975510204
7.64016326531
7.9057414966
8.17712471655
8.44995918367
8.73875736961
9.02175056689
9.28442630385
9.55726077098
9.83444897959
10.1116371882
10.4193015873
10.7037460317
10.9896417234
11.266829932
11.5570793651
11.845877551
12.1245170068
12.4002539683
12.6832471655
12.9575328798
13.2303673469
13.4944943311
13.7528163265
14.0387120181
14.3318639456
14.6366258503
