0.00725623582766
0.307664399093
0.608072562358
0.908480725624
1.20743764172
1.50784580499
1.80825396825
2.10866213152
2.37214739229
2.67836054422
2.98312244898
3.28788435374
3.58974376417
3.89450566893
4.21668253968
4.49532199546
4.80588888889
5.10629705215
5.4284739229
5.71436961451
6.02203401361
6.31663718821
6.61269160998
6.90148979592
7.19754421769
7.51826984127
7.81722675737
8.12779365079
8.42384807256
8.72860997732
9.04788435374
9.33378004535
9.64579818594
9.92153514739
10.233553288
10.5209002268
10.8285646258
11.1246190476
11.4293809524
11.7341428571
