0.0087074829932
0.291700680272
0.574693877551
0.856235827664
1.14068027211
1.42367346939
1.68347619048
1.94324943311
2.22188888889
2.50488208617
2.78642403628
3.07377097506
3.35966666667
3.6528185941
3.93581179138
4.2173537415
4.49889569161
4.77608390023
5.06488208617
5.35658276644
5.63812471655
5.92692290249
6.2128185941
6.48710430839
6.78460997732
7.06615192744
7.34769387755
7.6277845805
7.91368027211
8.18941723356
8.47676417234
8.76411111111
9.04275056689
9.32139002268
9.62470068027
9.90188888889
10.1877845805
10.4809365079
10.7581247166
11.0454716553
11.3284648526
11.5983968254
11.8959024943
12.1803469388
12.4618888889
12.7506870748
13.0351315193
13.3094172336
13.6011179138
13.8826598639
14.1642018141
14.4486462585
14.7374444444
