0.00725623582766
0.307664399093
0.608072562358
0.908480725624
1.20743764172
1.50784580499
1.80680272109
2.10140589569
2.38875283447
2.41189115646
2.71810430839
3.03302494331
3.32617687075
3.62223129252
3.90812698413
4.22740136054
4.5408707483
4.85143764172
5.14604081633
5.4420952381
5.73814965986
6.0356553288
6.32300226757
6.6292154195
6.93107482993
7.21697052154
7.51592743764
7.82359183673
8.12690249433
8.41424943311
8.70014512472
8.99184580499
9.30821768707
9.58975963719
9.87710657596
10.1702585034
10.4634104308
10.7522086168
11.0598730159
