0.0101587301587
0.384580498866
0.759002267574
1.13342403628
1.50784580499
1.88371882086
2.25959183673
2.63546485261
3.00837868481
3.37844671202
3.75141723356
4.13164399093
4.51041950113
4.88629251701
5.24910430839
5.63658730159
6.01681405896
6.39704081633
6.7685600907
7.14733560091
7.52465986395
7.90778911565
8.27060090703
8.65663265306
9.03250566893
9.40982993197
9.77989795918
10.1673809524
10.5389002268
10.9234807256
11.2891950113
11.6781292517
12.0525510204
12.4284240363
12.7970408163
13.180170068
13.5618480726
13.9435260771
14.3092403628
14.696723356
