0.0087074829932
0.370068027211
0.731428571429
1.09278911565
1.45560090703
1.81696145125
2.2197324263
2.5607755102
2.90326984127
3.2893015873
3.63760090703
3.99460770975
4.38063945578
4.75215873016
5.10771428571
5.45020861678
5.82608163265
6.20050340136
6.5778276644
6.91596825397
7.27007256236
7.66916553288
8.00004988662
8.34254421769
8.75324716553
9.08848526077
9.44984580499
9.80685260771
10.1391882086
10.4990975057
10.9359229025
11.2885759637
11.6252653061
12.0388707483
12.3973287982
12.7470793651
13.0866712018
13.4596417234
13.8398684807
14.1605941043
14.5422721088
14.9137913832
15.2403219955
15.6249024943
15.9746530612
16.3577823129
16.6872154195
17.0645396825
17.4737913832
17.8075782313
