0.0101587301587
0.384580498866
0.759002267574
1.13342403628
1.50784580499
1.88371882086
2.25959183673
2.63546485261
3.0257324263
3.41466666667
3.79779591837
4.16496145125
4.53793197279
4.8702675737
5.25484807256
5.64087981859
6.03271655329
6.37230839002
6.78301133787
7.14872562358
7.52604988662
7.87725170068
8.29666213152
8.71171882086
9.0513106576
9.44314739229
9.82917913832
10.203600907
10.5809251701
10.9495419501
11.3413786848
11.7317641723
12.123600907
12.4980226757
12.8637369614
13.2439637188
13.6125804989
13.9986122449
14.3251428571
